A = [1, -1, 1, 0; 2, -1, 0, 1]
 b = [10; 40]
 x = [0; 0; 10; 40]
 c = [2; 1; 0; 0]
 n = 4
 m = 2
