A = [4.73, -4.73,  10.3,  -10.3, -1,  0, 0, 0, 0;
    -0.83,  0.83,  1.05,  -1.05,  0, -1, 0, 0, 0;
    -1.56,  1.56, -0.02,   0.02,  0,  0, 1, 0, 0;
    -2.11,  2.11, 10.22, -10.22,  0,  0, 0, 1, 0;
     8.32, -8.32, 12.38, -12.38,  0,  0, 0, 0, 1];

b = [4.88; -3.61; 1.78; 77.52; 120.26];
c = [1.5; -1.5; -0.25; 0.25; 0; 0; 0; 0; 0];
n = 9;
m = 5;
x = [3.13026; 0.00000; 0.00000; 0.96370; 0.00000; 0.00000; 6.64393; 93.97387; 106.14687];
