A = [1,1,1;1,-2,1;2,2,2];
b = [2;2;4]
c = [1;-1;-1]
m=3
n=3
