c = [-1;-1;-1]

A = [1, 0, 0; 2, 0, 0;]

b = [1;1]

m = 2
n = 3

