c = [1; 1; 1; 0]
A = [3, 6, 2,  1, 1]
b = 6;
m = 1;
n = 4;
